0.011436928026247184
0.011395745578537965
0.012696842600735083
0.011816352899572809
0.013070637862816092
0.027177017203282788
0.015023004531180963
0.027609815763174783
0.01470429289317221
0.03670051974263774
0.017409551158789824
0.03714217689154838
0.0163378862687365
0.044214003843544576
0.01985323061790095
0.04466284803594769
0.017971411141705695
0.05062055455569859
0.022350157564714028
0.05107559829972171
0.019604860665137835
0.05629933965656791
0.028369157476773117
0.056759912587995585
0.021238227993039205
0.061452450779527754
0.030465317549481355
0.06191805945323411
0.02287150628044965
0.06620275664896691
0.03257318203652795
0.06667301812467158
0.024504688683528952
0.0706315775634208
0.03469166844785877
0.0711061833681082
0.02613776835964282
0.07479604434496613
0.03681967894442267
0.07527473900558977
0.02777073846744882
0.0787381149664877
0.03782681201298167
0.07922068231951933
0.02940359216698263
0.08248968119785989
0.039801355772130356
0.0829759351913389
0.031036322619743706
0.08607565727253028
0.041779816405475706
0.08656543552667925
0.0326689229887811
0.08951594728796357
0.04376152042055068
0.012522181233087374
0.034301386438779946
0.011394513010532719
0.04574579711576832
0.02831522737181084
0.03593370613614638
0.027182164436400674
0.0452907007506213
0.03784734731002236
0.03756587524909433
0.03670852989750111
0.04717573618228557
0.04536783352810677
0.03919788694773052
0.04422413399526587
0.049061391818682014
0.051780429786830375
0.040829734404140894
0.05063243950619648
0.05094718455691841
0.057464610358221146
0.04246141079247567
0.05631275291742085
0.05283263697744225
0.06262263813129439
0.044092909289035254
0.06146723453783461
0.05165681165729799
0.0673774888943382
0.045724223072356185
0.06621879289515847
0.05346960636950786
0.07181055513732722
0.047355345323295994
0.07064877375550652
0.055281245170232245
0.07597901908453947
0.04898626922511934
0.07481432538666685
0.05709135757417017
0.07992487684574918
0.05061698796358338
0.0787574183252425
0.05889957909633928
0.083680049411707
0.052247494727022614
0.08250995374226415
0.05730120806498211
0.0872694739927019
0.05387778270643523
0.08609685312212993
0.0590529303479651
0.013229006047002959
0.0555078450955675
0.08953802629382987
0.06080242557579502
0.029021635471829444
0.05713767509099932
0.011394490933738498
0.06254939820257918
0.03855351422595607
0.0587672658922298
0.027187814345739657
0.06429355836771793
0.04607381552224078
0.060396610701761666
0.036716914342376936
0.06242429563195958
0.05248625777957563
0.06202570272518687
0.044234576819981886
0.06412290026917813
0.05817030463718788
0.06365453517127145
0.05064459936123712
0.06581859042280493
0.06332821332080098
0.06528310125204051
0.05632641499892987
0.06751112407195577
0.06808295617785237
0.06691139418286268
0.06148224776854234
0.06920026441018128
0.07251592342255431
0.06853940718253543
0.06623504355993279
0.06714790736312197
0.07668429568146111
0.07016713347336978
0.0706661722459289
0.06879941091805102
0.08063006789175062
0.07179456628127423
0.07483279871387248
0.07044754299220196
0.08438516015350668
0.07342169883584049
0.07877690552986974
0.07209210165170296
0.08797450898169554
0.07504852437042686
0.0825304029034354
0.07373288969286765
0.01393682874748822
0.07667503612224325
0.08611821931397402
0.07155267391691428
0.029729041469399017
0.07830122733243544
0.08956027013557623
0.07316181826955954
0.03926067904551775
0.0799270912461692
0.011395647137563702
0.07476728200948245
0.04678079542451791
0.08155262111271472
0.027193965565844695
0.07636889426599984
0.05319308368412552
0.08317781018553044
0.036725672914444514
0.07796648844593548
0.05887699683106377
0.08480265172234697
0.04424533244862468
0.07569523995113576
0.06403478642792178
0.08642713898525112
0.05065703435776461
0.07726587640434977
0.06878942138138205
0.08805126524077017
0.05634032618249286
0.07883262260151834
0.07322228962995732
0.08967502375995468
0.0614974907722537
0.08039533236884998
0.07739057020252253
0.011436928026247184
0.0662515089513114
0.0819538634012774
0.08133625686369148
0.013070637862816092
0.07068377334417661
0.07961720579143824
0.0850912688229057
0.01470429289317221
0.07485146463439465
0.08115253492886433
0.08868054189982784
0.0163378862687365
0.07879657688481584
0.08268383350239769
0.014645650742696232
0.017971411141705695
0.0825510289815623
0.08421097537165229
0.030437446772672284
0.019604860665137835
0.08613975614355306
0.08573383790078733
0.03996884317685999
0.021238227993039205
0.08958267910381743
0.08335019125284013
0.04748877464309058
0.02287150628044965
0.011397961278878198
0.08485292148176819
0.05390090890863238
0.024504688683528952
0.027200617720441606
0.08635153046841575
0.0595846883480011
0.02613776835964282
0.03673480585649716
0.08784590858706434
0.06474235886080905
0.02777073846744882
0.044256401244833946
0.08933594939363546
0.06949688591307938
0.02940359216698263
0.050669744887980504
0.08691889823238051
0.07392965516768837
0.031036322619743706
0.05635448686241512
0.08839135532683261
0.0780978440558758
0.0326689229887811
0.061512963936394965
0.08985963676142442
0.08204344516972376
0.034301386438779946
0.06626818944674591
0.012705945091859707
0.08579837682805609
0.03593370613614638
0.07070157741689034
0.015050045082407057
0.08938757415525085
0.03756587524909433
0.07487032350415189
0.017453967893569403
0.011612949604213373
0.03919788694773052
0.07881643273574353
0.019914029246258288
0.02740090817196594
0.040829734404140894
0.08257183231265856
0.022425931069754792
0.03693021088200123
0.04246141079247567
0.08616146393787029
0.028378577361055934
0.04444860029285363
0.044092909289035254
0.08960525351716865
0.030482046602567637
0.05085949231580128
0.045724223072356185
0.011171867664782443
0.03259698332201587
0.05654222418126888
0.047355345323295994
0.02704713028922344
0.03472227946059439
0.06169898604770248
0.04898626922511934
0.03657513862027659
0.036856813380306996
0.0664527096687974
0.05061698796358338
0.044085644894386454
0.03783793437157756
0.07088475851039644
0.052247494727022614
0.05048723739468013
0.039817794700106365
0.07505229448929178
0.05387778270643523
0.05616042221150455
0.04180139897069198
0.07899729886136993
0.0555078450955675
0.06130775064148538
0.04378806524883385
0.08275168137245148
0.05713767509099932
0.06605227721230578
0.045777115081616526
0.08634037048320181
0.0587672658922298
0.07047540319200103
0.045303369708812775
0.08978328178461659
0.060396610701761666
0.0746342948859076
0.047192739929275127
0.011962244737730653
0.06202570272518687
0.07857092437990815
0.04908258922308837
0.02774015905256094
0.06365453517127145
0.08231718702607142
0.05097243071077108
0.03726387087138298
0.06528310125204051
0.08589799534566114
0.052861783570782056
0.04477808409082575
0.06691139418286268
0.08933324909368891
0.05167087461038609
0.05118557154840991
0.06853940718253543
0.011151229848892621
0.05348738712188791
0.05686540155776956
0.07016713347336978
0.027052841972572857
0.05530262269741126
0.06201962150172806
0.07179456628127423
0.036590870902874176
0.05711620900496872
0.0667710766572839
0.07342169883584049
0.04410824053093173
0.058927779948351924
0.07120107346988525
0.07504852437042686
0.05051529293231368
0.05731654398378832
0.07536673394542719
0.07667503612224325
0.05619311892887984
0.059071547746711806
0.07931001013604531
0.07830122733243544
0.061344541526213145
0.06082421772403635
0.0830627896710061
0.0799270912461692
0.0660927656266082
0.06257425749291118
0.08664998379579966
0.08155262111271472
0.0705192853609763
0.06432137647666865
0.012311800385778702
0.08317781018553044
0.07468132887655389
0.062440808257922614
0.028079676805754766
0.08480265172234697
0.07862091177984123
0.06414236340763355
0.037597800959203766
0.08642713898525112
0.082369961368232
0.06584090823652902
0.04510784024171135
0.08805126524077017
0.08595341440373516
0.06753620039098189
0.05151192486923328
0.08967502375995468
0.08939118953634155
0.06922800284775797
0.05718885442593134
0.011436928026247184
0.011139638794906767
0.067165518436054
0.06234053361756503
0.013070637862816092
0.02706244992097222
0.06881970952269154
0.0670897213036062
0.01470429289317221
0.03660945429784693
0.07047044198235057
0.07151766694778505
0.0163378862687365
0.044133203094962846
0.07211751387541564
0.07568145267193861
0.017971411141705695
0.05054542286416809
0.07376072807915096
0.07962300134392261
0.019604860665137835
0.05622768960844602
0.07157131840527177
0.08337417849107026
0.021238227993039205
0.0613830584494448
0.07318293433837134
0.08695987815498102
0.02287150628044965
0.06613486539276339
0.07479078967465178
0.01266161672671734
0.024504688683528952
0.07056468678422984
0.07639471374276421
0.028419461605905805
0.02613776835964282
0.07472980618982362
0.07799454021541784
0.03793200131800076
0.02777073846744882
0.07867227860318335
0.07571486278604028
0.04543786891687901
0.02940359216698263
0.08242406047138201
0.0772877890916022
0.051838552448809916
0.031036322619743706
0.0860101108301931
0.07885675120227277
0.05751258295567306
0.0326689229887811
0.08945036579544113
0.08042160327545132
0.06266172256465628
0.034301386438779946
0.011137514596256603
0.0819822033893627
0.06740864377683568
0.03593370613614638
0.027075827736090533
0.07963775959284584
0.07183453911287503
0.03756587524909433
0.03663084660111568
0.0811752227384824
0.07599645083737464
0.03919788694773052
0.04416051333054154
0.0827085865785769
0.07993627265336908
0.040829734404140894
0.05057761755571862
0.08423772538955782
0.08368584800086991
0.04246141079247567
0.05626412955777041
0.08576251699379918
0.08727005372886379
0.044092909289035254
0.06142329957779091
0.08337163470644074
0.013011693939039053
0.045724223072356185
0.06617857646497127
0.08487636327974378
0.028759513627507574
0.047355345323295994
0.07061160859580747
0.08637690640247403
0.03826647212044731
0.04898626922511934
0.07477972876964162
0.08787315492103022
0.04576817028783408
0.05061698796358338
0.07872502736615831
0.0893650028967232
0.05216545445781544
0.052247494727022614
0.08247948726497654
0.08694119490168703
0.05783658731705089
0.05387778270643523
0.08606808785760565
0.08841553080010932
0.06298318851258224
0.0555078450955675
0.089510781328331
0.08988563083121881
0.0677278442461815
0.05713767509099932
0.011142266810928184
0.012716300684429221
0.07215169013407194
0.0587672658922298
0.027092897562083024
0.015078251427591038
0.07631172861042136
0.060396610701761666
0.03665502739116347
0.017499253895410544
0.0802498242328895
0.06202570272518687
0.044190164854570876
0.019975201942288898
0.08399779836876876
0.06365453517127145
0.05061187608813489
0.022501411582054164
0.08758051068570348
0.06528310125204051
0.05630244047863307
0.028388498550259857
0.011544169970913171
0.06691139418286268
0.06146526802369268
0.030499262931154077
0.027330711937583026
0.06853940718253543
0.06622390276897214
0.03262124353207271
0.036859372295564914
0.07016713347336978
0.07066005520922265
0.034753307443981585
0.044377351432640245
0.07179456628127423
0.07483110132708327
0.03689431011525197
0.05078795373880254
0.07342169883584049
0.07877916296041733
0.03784942846636354
0.05647047090918117
0.07504852437042686
0.08253624674647592
0.03983459623035652
0.06162706947129384
0.07667503612224325
0.08612735054005462
0.04182332928753119
0.06638066718166141
0.07830122733243544
0.08957244121265527
0.04381493754948415
0.07081261847765724
0.0799270912461692
0.010735413671717573
0.0458087351324908
0.07498007909304921
0.08155262111271472
0.026839049254314372
0.045316348616778475
0.07892502585652221
0.08317781018553044
0.03639287805761164
0.04721004622579849
0.08267936523274474
0.08480265172234697
0.043910433430160975
0.049104078554705735
0.08626802318283323
0.08642713898525112
0.05031319670578827
0.05099795511106912
0.08971091335043246
0.08805126524077017
0.05598502458363751
0.05289119184601259
0.011772993125488535
0.08967502375995468
0.06112973318109743
0.05168520972856098
0.02754701450908822
0.011436928026247184
0.06587095638617396
0.053505433513538835
0.03706896090318528
0.013070637862816092
0.07029039462615999
0.05532425722292344
0.04458204644042874
0.01470429289317221
0.07444538169479822
0.05714130678648793
0.05098873751476316
0.0163378862687365
0.07837798896614338
0.05895621460997399
0.056667977313026106
0.017971411141705695
0.08212017312510257
0.057332125999759787
0.061821748281099244
0.019604860665137835
0.08569688570929307
0.05909040523645815
0.06657285723148658
0.021238227993039205
0.08912805179080023
0.06084624244413069
0.07100258579875407
0.02287150628044965
0.010651973881874909
0.06259934040140794
0.07516803899707779
0.024504688683528952
0.02683454304119917
0.06434940789626648
0.07911115671186296
0.02613776835964282
0.036408346032604524
0.062457547654860154
0.0828638175550233
0.02777073846744882
0.04393883145077269
0.0641620476516606
0.08645092590259201
0.02940359216698263
0.050351567314242285
0.06586344034715678
0.08989237828980115
0.031036322619743706
0.05603170597673801
0.06756148311499809
0.012001939709801554
0.0326689229887811
0.061183644999731855
0.06925593877632757
0.027763450329359216
0.034301386438779946
0.06593133161349524
0.06718334124796956
0.037278687312467085
0.03593370613614638
0.07035665564078186
0.06884021444033186
0.044786882230303346
0.03756587524909433
0.07451707477577134
0.07049354096233186
0.05118966423805286
0.03919788694773052
0.0784547462797512
0.07214311891637046
0.056865628322711914
0.040829734404140894
0.08220168906775392
0.07378875130898821
0.062016573008261015
0.04246141079247567
0.08578290136792274
0.07159016253269294
0.06676519425762617
0.044092909289035254
0.08921834428625504
0.0732042447977792
0.0711927009633807
0.045724223072356185
0.010647639838638357
0.07481448575828244
0.07535614746169637
0.047355345323295994
0.026841247787351138
0.07642071498130283
0.07929743672443867
0.04898626922511934
0.036431677938633625
0.07802276644479823
0.08304841953278302
0.05061698796358338
0.04397366524543692
0.07573467526611183
0.0866339786944353
0.052247494727022614
0.05039553852680651
0.07730988631324114
0.012231009770248553
0.05387778270643523
0.05608342563120448
0.07888105863072763
0.027980019437198946
0.0555078450955675
0.06124218454535986
0.08044804673990688
0.03748855155930068
0.05713767509099932
0.06599601863843552
0.08201070913510804
0.044991858836543074
0.0587672658922298
0.0704269761240166
0.07965849461775554
0.05139073394197412
0.060396610701761666
0.07459262014728218
0.08119808677190288
0.057063423970936715
0.06202570272518687
0.07853518210458506
0.08273351038024283
0.06221154368511315
0.06365453517127145
0.08228673525539185
0.0842646401639097
0.06695767829221494
0.06528310125204051
0.08587231900520291
0.08579135443134188
0.07138296400359033
0.06691139418286268
0.0893119265089727
0.08339325217186125
0.07554440451896323
0.06853940718253543
0.01066016116352833
0.08489997418264078
0.07948386592637731
0.07016713347336978
0.02685811666628404
0.08640244611204062
0.08323317119827113
0.07179456628127423
0.03646250218827532
0.08790055930266524
0.0868171815907679
0.07342169883584049
0.044014747045960284
0.08939420834519779
0.012460203353259364
0.07504852437042686
0.05044500041410556
0.08696365932551178
0.028196721871449545
0.07667503612224325
0.056140114307520285
0.08843986920097252
0.03769855367961729
0.07830122733243544
0.06130530664515425
0.08991178263999741
0.045196976293468485
0.0799270912461692
0.06606498773031752
0.012727846508345056
0.05159194665987125
0.08155262111271472
0.07050133684202771
0.015107505492690762
0.0572613642904403
0.08317781018553044
0.07467200602389104
0.017545243533028696
0.06240666034403124
0.08480265172234697
0.07861929011847099
0.02003655448888378
0.06715030936742888
0.08642713898525112
0.08237530947954157
0.02257640525888403
0.07157337495147705
0.08805126524077017
0.0859651395765013
0.028398917525387892
0.07573281020097693
0.08967502375995468
0.08940880189029068
0.030516959313856513
0.07967044434984706
0.011436928026247184
0.01067348971483507
0.032645951940091414
0.08341807258377462
0.013070637862816092
0.026884292977134627
0.0347847384886234
0.08700053462403362
0.01470429289317221
0.03650057592309602
0.036932152495146295
0.011509660225202398
0.0163378862687365
0.044061972004779675
0.037861293261107
0.027295783942744224
0.017971411141705695
0.050499901345104084
0.039851757831820586
0.036824362737607974
0.019604860665137835
0.05620174644425557
0.04184560339729337
0.044342347591476795
0.021238227993039205
0.06137300036493228
0.04384213203025093
0.050752995198237054
0.02287150628044965
0.06613823690736173
0.04584065076158916
0.0564355789844527
0.024504688683528952
0.07057974162980445
0.04532963710509641
0.06159225658456622
0.02613776835964282
0.07475524018590309
0.04722765384749504
0.0663459408232175
0.02777073846744882
0.07870708086371388
0.049125857769913024
0.07077798316798088
0.02940359216698263
0.08246742426205685
0.05102375494090791
0.07494553746107936
0.031036322619743706
0.08606137704708128
0.05292085826846336
0.07889057927742422
0.0326689229887811
0.0895089854607443
0.05169981691447721
0.0826450142263937
0.034301386438779946
0.026547464287014433
0.053523744876391596
0.08623376767354546
0.03593370613614638
0.036152053296694533
0.055346147530793255
0.08967675284201929
0.03756587524909433
0.04368746804100302
0.05716664918275809
0.011678053773834766
0.03919788694773052
0.05009786066120374
0.058984880857872034
0.027450925824989734
0.040829734404140894
0.05577274874294562
0.05734795415049149
0.03697264795783049
0.04246141079247567
0.06091810461391705
0.059109502438755006
0.044485749076308465
0.044092909289035254
0.06565856842057484
0.06086849895774798
0.05089256452146451
0.045724223072356185
0.07007637325587768
0.06262464576893657
0.056571987280701584
0.047355345323295994
0.07422916031528526
0.06437765110835096
0.061725975361256284
0.04898626922511934
0.07815918988467821
0.06247451393515575
0.06647732202156058
0.05061698796358338
0.08189854040448181
0.06418195279254434
0.0709073007337705
0.052247494727022614
0.08547224484745165
0.0658861862370908
0.0750730113127599
0.05387778270643523
0.08890028437740095
0.06758697143157288
0.07901639019735367
0.0555078450955675
0.026521975491059013
0.06928407110436566
0.08276931364805269
0.05713767509099932
0.03615920468645779
0.06720137595564438
0.08635668440334669
0.0587672658922298
0.04371500656442614
0.0688609255697751
0.089798397842088
0.060396610701761666
0.05014071110678179
0.070516839582634
0.011846522930843125
0.06202570272518687
0.05582814293654269
0.07216891618762807
0.027606154218862654
0.06365453517127145
0.06098428049487658
0.07381695857003294
0.037121024290241125
0.06528310125204051
0.06573429515808143
0.07160920648345367
0.04462924447599831
0.06691139418286268
0.07016073602314687
0.07322574961851838
0.05103222966324255
0.06853940718253543
0.07432144830751475
0.074838370025463
0.056708492758410854
0.07016713347336978
0.07825883214732965
0.07644689754981561
0.06185979232328565
0.07179456628127423
0.08200506633065575
0.07805116651494208
0.06660880215546981
0.07342169883584049
0.08558525847770244
0.07575467759307947
0.07103671779828871
0.07504852437042686
0.0890194469250935
0.07733216809009849
0.0752005850839684
0.07667503612224325
0.026521134254090795
0.07890554473343657
0.07914230134663865
0.07830122733243544
0.036182467606436196
0.0804746624417411
0.0828937135207499
0.0799270912461692
0.043755384805974754
0.08203938015883797
0.08647970173479176
0.08155262111271472
0.05019459560132493
0.07967941107906511
0.08992014353638407
0.08317781018553044
0.05589339156146868
0.08122112708592384
0.012015067708492352
0.08480265172234697
0.06105946539388451
0.08275860481375875
0.02776146912789541
0.08642713898525112
0.0658183883713777
0.08429171945677222
0.03726949173565597
0.08805126524077017
0.07025295665858229
0.08582034983775312
0.04477283379017114
0.08967502375995468
0.07442117938757181
0.08341504386908444
0.05117199062269226
0.011436928026247184
0.07836557142126538
0.08492375427369271
0.05684509541657032
0.013070637862816092
0.08211839525489387
0.08642814954852912
0.06199370746973429
0.01470429289317221
0.08570482164173529
0.0879281215568537
0.06674038122425419
0.0163378862687365
0.08914493783837764
0.08942356544303949
0.07116623436116302
0.017971411141705695
0.010055902160330435
0.08698629172818916
0.07532825877470933
0.019604860665137835
0.02654060814263566
0.0884643706324456
0.07926831272569851
0.021238227993039205
0.036220269537504665
0.08993809217382219
0.08301821384534355
0.02287150628044965
0.0438077934063905
0.012740532773024933
0.08660281966919206
0.024504688683528952
0.05025902293791972
0.015137708287323316
0.012183688119066387
0.02613776835964282
0.05596816933119114
0.0175918009677006
0.027916870555646206
0.02777073846744882
0.061143432451985315
0.020097936333874803
0.03741805029491811
0.02940359216698263
0.06591068472334743
0.02265077611585159
0.044916517018478756
0.031036322619743706
0.07035291533280652
0.028409831761025114
0.05131184739896116
0.0326689229887811
0.07452826487627487
0.030535129575683623
0.05698179525419553
0.034301386438779946
0.07847934210804229
0.032671098973543304
0.06212772079970725
0.03593370613614638
0.08223847915361583
0.03481655999644507
0.06687205922724687
0.03756587524909433
0.08583089999898884
0.03697032537625015
0.07129585042204441
0.03919788694773052
0.08927673362759556
0.037873528123953726
0.07545603238500984
0.040829734404140894
0.010086365526334181
0.03986927738564633
0.07939442433497458
0.04246141079247567
0.026575672233867927
0.041868217773472216
0.08314281462271328
0.044092909289035254
0.03627133071720997
0.04386964386229054
0.08672603820787979
0.045724223072356185
0.04387166683816769
0.04587285596674658
0.011488955146804408
0.047355345323295994
0.05033368926684202
0.045343235035703304
0.027275033736655657
0.04898626922511934
0.056052297699719006
0.04724556180294433
0.036803721904918665
0.05061698796358338
0.061236072911193574
0.049147925064407745
0.044321842920565964
0.052247494727022614
0.06601111826876059
0.051049827633548
0.050732632798003253
0.05387778270643523
0.07046057418177508
0.052950779568540836
0.05641535831948759
0.0555078450955675
0.07464268624964165
0.05171469622492425
0.06157217452212365
0.05713767509099932
0.07860013950545226
0.053542320696557615
0.0663259931659483
0.0587672658922298
0.08236532349123155
0.055368292561717665
0.07075816532352429
0.060396610701761666
0.08596350666489767
0.057192234619262886
0.07492584475893001
0.06202570272518687
0.08941485327300405
0.05901377663705075
0.07887100712465689
0.06365453517127145
0.026168422940435688
0.05736402858556868
0.08262555818402052
0.06528310125204051
0.03584974009456194
0.059128839086723894
0.08621442349174674
0.06691139418286268
0.043415250250538474
0.06089098659915228
0.08965751647337812
0.06853940718253543
0.04984028693090792
0.06265017255133619
0.011621097418784703
0.07016713347336978
0.05552293868661031
0.06440610471336443
0.02739384537277499
0.07179456628127423
0.06067237838668364
0.06249170729725658
0.03691586793935332
0.07342169883584049
0.06541473650705314
0.06420207870707105
0.04442934313691801
0.07504852437042686
0.06983303796936108
0.06590914547460938
0.050836549477861225
0.07667503612224325
0.07398538435596409
0.06761266461540388
0.05651636168599549
0.07830122733243544
0.07791432174294236
0.069312398829547
0.061670730626566514
0.0799270912461692
0.08165211507743916
0.0672196227846431
0.06642244662885348
0.08155262111271472
0.0852239239205821
0.06888184287802117
0.07085278207665062
0.08317781018553044
0.08864981808551758
0.0705403375619996
0.07501883656780678
0.08480265172234697
0.026104064446212133
0.07219490517116993
0.07896254675250206
0.08642713898525112
0.035840182254657224
0.07384534912009444
0.08271578931276617
0.08805126524077017
0.04343516431346495
0.07162845049843146
0.08630346750569977
0.08967502375995468
0.04988175233204404
0.07324744882734718
0.08974547726534439
0.011436928026247184
0.05558177199215121
0.07486244229719767
0.011753293156175647
0.013070637862816092
0.060745972368052556
0.07647326107275416
0.027512721382805656
0.01470429289317221
0.065501296802429
0.0780797398637175
0.037028082512181565
0.0163378862687365
0.06993124620649263
0.07577487001629855
0.044536914229332064
0.017971411141705695
0.07409422578089042
0.07735463449008144
0.05094053849432665
0.019604860665137835
0.0780329877136676
0.07893020940383326
0.05661743834123665
0.021238227993039205
0.08177994361346633
0.08050145010749853
0.0617693606460855
0.02287150628044965
0.08536036134320377
0.08206821602835089
0.06651897441088032
0.024504688683528952
0.08879439315107256
0.07970050923046391
0.07094747339459535
0.02613776835964282
0.02609860818797725
0.08124434377761602
0.07511190307085024
0.02777073846744882
0.03585997320219104
0.08278386982551668
0.07905416111637707
0.02940359216698263
0.04347738051894057
0.0843189630702581
0.08280609515246211
0.031036322619743706
0.04994198756345278
0.08584950287768223
0.08639258615361356
0.0326689229887811
0.05565717609486358
0.0834370100535378
0.0898335125736253
0.034301386438779946
0.060834605296386964
0.08494770367109075
0.011885542358486722
0.03593370613614638
0.06560175351673198
0.08645401669804285
0.027631661757732108
0.03756587524909433
0.07004245852658399
0.08795584154311172
0.03714036561237934
0.03919788694773052
0.07421535083848835
0.08945307392899701
0.04464455618625396
0.040829734404140894
0.07816334085789228
0.08700909236522252
0.05104459983591676
0.04246141079247567
0.08191895572753918
0.08848903522826407
0.05671858827409083
0.044092909289035254
0.08550755040482734
0.08996455944918758
0.06186806457007355
0.045724223072356185
0.08894934454265876
0.012409590218034025
0.06661557650201362
0.047355345323295994
0.026126587635565635
0.014615160330945363
0.07104223926797358
0.04898626922511934
0.03590413950524746
0.0168661975302979
0.07520504425932065
0.05061698796358338
0.0435394491490167
0.019181405686185617
0.07914585020818823
0.052247494727022614
0.05001950247301251
0.021578976913851508
0.0828964756956526